<?xml version="1.0"?>
<opencv_storage>
<features type_id="opencv-matrix">
  <rows>10</rows>
  <cols>128</cols>
  <dt>f</dt>
  <data>
    3.10177505e-02 9.12696868e-02 1.56954542e-01 6.91129714e-02
    2.39679823e-03 -8.40166658e-02 1.87714800e-01 -3.89424413e-02
    -1.03839085e-01 5.73956370e-02 2.12594420e-02 -1.51254699e-01
    1.41404569e-01 8.37119576e-03 4.61987332e-02 -9.56497490e-02
    1.93573818e-01 1.15848906e-01 6.96998369e-03 -2.31784582e-02
    -1.59156490e-02 -9.36600938e-02 7.94434026e-02 2.43022874e-01
    5.38066253e-02 -4.91186697e-03 2.20507383e-03 -3.15172225e-02
    3.34739238e-02 -5.87262884e-02 -4.70614322e-02 -6.33849651e-02
    3.47001143e-02 3.15219164e-02 1.10228173e-01 -9.01305676e-02
    5.36682121e-02 1.46285802e-01 1.03652574e-01 7.20478892e-02
    -1.34702912e-02 -5.01606390e-02 -1.05940536e-01 3.91331278e-02
    1.43087027e-03 -1.04310237e-01 -4.30152267e-02 -1.48638338e-01
    9.47645754e-02 2.64918096e-02 -6.37176782e-02 9.13271308e-02
    -8.98000300e-02 -1.60687521e-01 4.14121477e-03 5.37341237e-02
    -1.19642742e-01 -8.86648148e-02 5.40350825e-02 1.13476418e-01
    7.64780585e-03 -3.11739743e-02 -1.02159381e-01 -1.14605039e-01
    -8.73335674e-02 7.06652552e-02 -1.06774159e-01 1.43181579e-02
    -1.08320273e-01 1.08716860e-01 -1.20283253e-02 -2.43408516e-01
    3.71762291e-02 4.91461568e-02 2.30130143e-02 -1.17154740e-01
    -4.04360704e-02 4.80834357e-02 5.55903316e-02 -1.04216635e-01
    -5.33619523e-02 1.68479700e-03 8.61219540e-02 1.23615190e-01
    1.73020229e-01 6.91334233e-02 1.27633169e-01 1.05907962e-01
    -6.68224171e-02 -5.00530005e-02 2.37933993e-01 6.99100420e-02
    -7.12781819e-03 -5.84022179e-02 -5.74416108e-02 -3.71901924e-03
    -4.09181193e-02 1.37434646e-01 5.74940071e-02 -9.42065194e-02
    -6.75059333e-02 7.26127923e-02 4.49298732e-02 -1.66490167e-01
    -3.59532908e-02 -1.60857551e-02 -6.88603148e-02 -9.64307226e-03
    3.06311548e-02 1.00694567e-01 4.18039970e-02 -3.83770280e-02
    4.67484742e-02 -8.51678625e-02 1.38626024e-02 -8.77881050e-02
    -3.53514925e-02 -6.91319034e-02 7.42557272e-02 4.82547432e-02
    -5.33230528e-02 3.34829539e-02 -5.03592789e-02 6.72793835e-02
    -1.08906507e-01 -7.74806365e-02 -4.82635908e-02 1.10260166e-01
    -7.35527128e-02 -9.64718498e-03 5.78638501e-02 2.87374612e-02
    1.24674872e-01 -1.61610946e-01 4.32926081e-02 -4.39553410e-02
    -1.26080349e-01 5.76388352e-02 -8.21016282e-02 8.44330117e-02
    -6.76553473e-02 1.58235401e-01 1.35805473e-01 3.57198268e-02
    -7.56513551e-02 -4.98739108e-02 -5.27285561e-02 -5.14003932e-02
    -5.94963282e-02 7.04189995e-03 9.12057534e-02 8.26569274e-02
    -3.36979590e-02 -6.73998222e-02 1.01818532e-01 1.68195199e-02
    1.44457996e-01 5.31002693e-02 1.88136965e-01 2.94057466e-03
    -2.05048352e-01 3.76136489e-02 4.64055873e-02 7.92502519e-03
    1.83986709e-01 1.94634154e-01 -1.03154294e-02 -5.45842834e-02
    1.37920072e-02 1.03221126e-01 -1.93509692e-03 5.10440841e-02
    -4.27944921e-02 -1.05227264e-04 -3.14883851e-02 -8.40165280e-03
    1.29066318e-01 -1.98663026e-03 -6.41866773e-02 -4.87555575e-04
    -3.48672904e-02 8.45756605e-02 4.31160741e-02 9.94778201e-02
    4.26581949e-02 -3.96437906e-02 1.01581544e-01 4.61614206e-02
    5.44484593e-02 -6.41048327e-02 -2.08229527e-01 -4.63252589e-02
    5.97660951e-02 -1.90370325e-02 7.35113323e-02 1.20858513e-01
    -3.96216667e-04 -1.72013417e-01 1.00441903e-01 -2.27390118e-02
    9.40202549e-02 -6.84097921e-03 1.55153528e-01 1.78606734e-02
    -3.72032970e-02 1.47331208e-01 -8.27465430e-02 1.33359551e-01
    6.80314824e-02 8.98584649e-02 -5.75434081e-02 -3.31153497e-02
    -1.80995628e-01 -1.58743933e-01 -1.14382198e-02 -7.94920325e-03
    -4.97172493e-03 -3.94602865e-02 4.87627648e-02 5.02157323e-02
    -1.18786031e-02 1.54140145e-01 -1.22571215e-01 1.35438237e-02
    -7.22296759e-02 1.34634962e-02 3.54091898e-02 -8.80457088e-02
    1.20477844e-02 7.49939755e-02 2.41802689e-02 5.28005473e-02
    -2.66369935e-02 1.42742023e-01 1.29482113e-02 9.45507921e-03
    4.92252642e-03 -1.52689116e-02 -1.49076104e-01 -2.14800909e-02
    4.52137291e-02 9.89312585e-03 -4.04778272e-02 1.44593775e-01
    -1.38680469e-02 1.26526266e-01 -1.37474062e-03 -7.47912899e-02
    -4.96045910e-02 1.29643649e-01 3.12532252e-03 -1.73886672e-01
    1.47550777e-01 -1.91952839e-01 6.14136159e-02 1.27508968e-01
    -1.80057615e-01 -2.93306429e-02 8.33405405e-02 4.53736186e-02
    8.53992403e-02 -4.30480689e-02 7.28238598e-02 -5.39790690e-02
    -1.88929457e-02 1.22679710e-01 -2.84424499e-02 5.68323284e-02
    -7.78486505e-02 9.30719543e-03 1.62054181e-01 -1.87958315e-01
    9.20353457e-02 1.92137714e-02 -2.80911811e-02 -6.23681284e-02
    -5.36617450e-02 -9.19117182e-02 -1.17642365e-01 -4.78557423e-02
    1.32016214e-02 -5.00387214e-02 -1.30566344e-01 -3.35831307e-02
    3.94778959e-02 -4.14355323e-02 6.25161603e-02 4.76348512e-02
    8.22395377e-04 7.91747347e-02 2.70999044e-01 -1.01831302e-01
    7.14766607e-02 1.61612466e-01 -3.69949825e-02 8.39839652e-02
    8.80367383e-02 7.68927336e-02 6.99228719e-02 3.31382267e-02
    -6.02245405e-02 -2.95734443e-02 1.91520125e-01 -1.14271276e-01
    8.01095888e-02 1.39786080e-01 -3.57806943e-02 2.18756363e-01
    -1.44544959e-01 5.59894107e-02 4.58646230e-02 3.16081718e-02
    4.14924510e-03 -8.38245749e-02 -5.12405634e-02 2.21103206e-02
    -1.42646385e-02 -4.15709354e-02 -1.30059287e-01 8.28471705e-02
    1.54843219e-02 -5.69198243e-02 -8.51758271e-02 4.16571833e-02
    -1.01212241e-01 9.43744108e-02 2.23559663e-01 -4.69850488e-02
    1.36140704e-01 2.64434945e-02 5.66053800e-02 -6.55401349e-02
    1.22966781e-01 1.64737273e-02 -6.66428730e-02 8.01438242e-02
    8.04989040e-02 -1.21617345e-02 3.50917398e-04 -9.36285183e-02
    -1.08762525e-01 6.07482344e-02 -2.82299542e-03 -7.10429549e-02
    8.74002092e-03 1.07353002e-01 2.16168948e-02 -5.35595492e-02
    1.65622354e-01 1.75127741e-02 -8.64021182e-02 -1.57778829e-01
    -7.76780695e-02 2.86680926e-03 -3.28859352e-02 2.64749397e-02
    5.76846935e-02 2.11512530e-03 -1.06114790e-01 -1.30697578e-01
    6.62699863e-02 -7.81664029e-02 -8.35787691e-03 -1.03378691e-01
    -4.67164144e-02 5.69596998e-02 -4.84929942e-02 -1.08768769e-01
    -4.82850000e-02 -5.01066633e-02 6.00061305e-02 -1.35791302e-01
    2.92030498e-02 3.04967258e-02 -1.64025556e-02 -1.67676266e-02
    -3.45863365e-02 1.90795232e-02 1.00768059e-01 2.15937287e-01
    3.55179608e-02 4.51972149e-02 8.84243622e-02 1.15445673e-01
    -6.82247281e-02 8.47855508e-02 -1.07612042e-02 -2.45734099e-02
    2.41944510e-02 1.25541419e-01 2.21068356e-02 7.86644518e-02
    -2.41035178e-01 9.07178521e-02 6.80354163e-02 4.93664518e-02
    7.12042395e-03 6.61548153e-02 7.92561397e-02 2.12892052e-02
    -1.08658001e-01 -4.57102358e-02 -4.22144160e-02 1.43093064e-01
    3.65369916e-02 -1.04354478e-01 1.28164575e-01 -1.01533875e-01
    5.19882701e-02 1.88958883e-01 -3.39471698e-02 -7.10086226e-02
    5.15666157e-02 2.46513337e-02 3.27084363e-02 8.52736384e-02
    -5.95088899e-02 3.15655209e-02 -7.43935332e-02 5.43283820e-02
    4.37856615e-02 3.89350429e-02 -1.66619718e-01 3.63846458e-02
    -6.44547865e-02 4.16721851e-02 -1.08216837e-01 7.17245787e-02
    1.80694878e-01 3.54251824e-02 1.24970255e-02 -7.98788965e-02
    -1.03836963e-02 -1.60222769e-01 1.34132922e-01 1.49788216e-01
    6.83796406e-02 1.61915779e-01 -8.47099572e-02 -3.15806195e-02
    -4.79978472e-02 9.33255777e-02 1.04480013e-02 -3.06327157e-02
    -1.48418720e-03 8.06280375e-02 2.31705140e-02 -6.08866401e-02
    3.66482101e-02 -7.15045109e-02 -9.40695107e-02 -4.39649113e-02
    -1.10797107e-01 -1.06719658e-01 5.66220991e-02 -1.60987794e-01
    -5.18749170e-02 2.95884293e-02 -4.80626011e-03 -8.94609168e-02
    3.14246677e-02 5.22521809e-02 -1.23819292e-01 4.95754629e-02
    -8.79665241e-02 -2.01575428e-01 3.45179923e-02 -1.15301041e-02
    9.91237983e-02 5.14035299e-02 -5.22358809e-03 -1.37568682e-01
    -3.72309722e-02 -1.24400638e-01 2.57572412e-01 -2.58984808e-02
