image: 3.png
resolution: 0.05000
origin: [612.636047, -10.785126, 0.000000]
negate: 0
occupied_thresh: 0.65
free_thresh: 0.196

