image: 3.png
resolution: 0.05000
origin: [-486.173767, 325.925751, 0.000000]
negate: 0
occupied_thresh: 0.65
free_thresh: 0.196

