image: 4.png
resolution: 0.05000
origin: [-295.015930, -76.320496, 0.000000]
negate: 0
occupied_thresh: 0.65
free_thresh: 0.196

