image: 5.png
resolution: 0.05000
origin: [-80.008514, 91.453064, 0.000000]
negate: 0
occupied_thresh: 0.65
free_thresh: 0.196

