image: 6.png
resolution: 0.05000
origin: [1765.7299, -185.2765, 0.000000]
negate: 0
occupied_thresh: 0.65
free_thresh: 0.196


