image: 6.png
resolution: 0.05000
origin: [-153.836334, -61.349091, 0.000000]
negate: 0
occupied_thresh: 0.65
free_thresh: 0.196

