image: 7.png
resolution: 0.05000
origin: [-83.951996, -75.011444, 0.000000]
negate: 0
occupied_thresh: 0.65
free_thresh: 0.196

