image: 1.png
resolution: 0.05000
origin: [-137.575638, -36.04118, 0.000000]
negate: 0
occupied_thresh: 0.65
free_thresh: 0.196

