image: 1.png
resolution: 0.05000
origin: [-129.240372, -8.246025, 0.000000]
negate: 0
occupied_thresh: 0.65
free_thresh: 0.196

