image: xiaodeaft_1.png
resolution: 0.05000
origin: [-151.722900, -18.038754, 0.000000]
negate: 0
occupied_thresh: 0.65
free_thresh: 0.196

