image: 2.png
resolution: 0.05000
origin: [1.108166, -11.384694, 0.000000]
negate: 0
occupied_thresh: 0.65
free_thresh: 0.196

