image: 3.png
resolution: 0.05000
origin: [-16.081162, -32.254009, 0.000000]
negate: 0
occupied_thresh: 0.65
free_thresh: 0.196

