image: raster_imageaft.pgm
resolution: 0.050000
origin: [-53.061092, -75.976212, 0.000000]
negate: 0
occupied_thresh: 0.65
free_thresh: 0.196

