image: map_1.pgm
resolution: 0.05
origin: [-49.544350,-194.666626,  0.000000]
negate: 0
occupied_thresh: 0.65
free_thresh: 0.196

