image: waypoints.png
resolution: 0.05000
origin: [-127.434608, -84.626633, 0.000000]
negate: 0
occupied_thresh: 0.65
free_thresh: 0.196

