image: map_2.png
resolution: 0.05000
origin: [-58.025841, -199.982925, 0.000000]
negate: 0
occupied_thresh: 0.65
free_thresh: 0.196

