image: 1.png
resolution: 0.05000
origin: [-28.483528, -47.152367, 0.000000]
negate: 0
occupied_thresh: 0.65
free_thresh: 0.196

